image: levine_map_fine_refine.pgm
resolution: 0.050000
origin: [-17.317596, -10.447627, 0.0000]
negate: 0
occupied_thresh: 0.65
free_thresh: 0.196
